[15, 9, 3] Quasicyclic of degree 3 Linear Code over GF(2)
Generator matrix:
[1 0 0 0 0 0 0 0 0 1 1 1 0 1 0]
[0 1 0 0 0 0 0 0 0 1 0 0 1 1 1]
[0 0 1 0 0 0 0 0 0 1 1 1 0 0 1]
[0 0 0 1 0 0 0 0 0 1 1 0 1 1 0]
[0 0 0 0 1 0 0 0 0 1 0 0 0 0 1]
[0 0 0 0 0 1 0 0 0 1 0 1 0 1 0]
[0 0 0 0 0 0 1 0 0 1 0 1 1 1 1]
[0 0 0 0 0 0 0 1 0 1 1 1 1 0 1]
[0 0 0 0 0 0 0 0 1 1 1 0 1 0 0]
End

Time: 0.010

Order: 360

Sylow Order: 2
---
(1, 11)(2, 12)(3, 10)(5, 8)(9, 14)(13, 15)
---
---
(2, 5)(3, 4)(7, 10)(8, 9)(12, 15)(13, 14)
---
---
(2, 14)(3, 10)(4, 7)(5, 13)(8, 15)(9, 12)
---
Sylow Order: 3
---
(1, 6, 11)(2, 7, 12)(3, 8, 13)(4, 9, 14)(5, 10, 15)
---
---
(1, 2, 8)(3, 11, 12)(4, 9, 14)(6, 7, 13)
---
Sylow Order: 5
---
(1, 7, 14, 13, 10)(2, 9, 8, 5, 11)(3, 15, 6, 12, 4)
---

